******************************************************


meetings					top topics						probabilities for top topics
meet_1.txt: 8 1 7 6 2  0.5250610231730881 0.24571718950707874 0.0904753302475126 0.05792803904124127 0.0399565424089395
meet_2.txt: 1 5 8 4 2  0.4488258362930234 0.222439570348212 0.20035243913590256 0.058403419225630894 0.05373906282726938
meet_3.txt: 1 8 5 2 3  0.28434150751688914 0.22792691196579887 0.12453352820834557 0.10069320117589671 0.08704058855901615
meet_4.txt: 8 1 3 2 6  0.25979873601439896 0.25602651242745117 0.11305807576724486 0.10013797118690458 0.09942879691686969
meet_5.txt: 1 7 8 6 4  0.6294062156560591 0.1537541140546615 0.11516288011346865 0.07000941567205497 0.016315987704600646
meet_6.txt: 1 8 6 3 2  0.34694254601869035 0.22373547798021448 0.1684751922634503 0.13152314347725674 0.04654354874031099
meet_7.txt: 1 9 4 8 3  0.24193615825686088 0.238199850347026 0.1791237542323819 0.09218305825837059 0.060204129085119684
meet_8.txt: 8 6 1 9 7  0.2701122742970509 0.20398255500645582 0.18699930294288938 0.16101721949464562 0.10772268956475696
meet_10.txt: 1 9 8 7 6  1.0 0.0 0.0 0.0 0.0
meet_11.txt: 1 9 4 3 7  0.7503741594913025 0.14043391383666662 0.08187956806518787 0.019658459379370153 0.007653899227473028
meet_12.txt: 1 8 9 3 7  0.4553933774826524 0.2164973531635633 0.12279603977663504 0.11917421816295937 0.08613901141418981
meet_13.txt: 8 6 1 5 9  0.5153900096831127 0.2711363925339924 0.1721615090629994 0.04131208871989536 0.0
meet_14.txt: 6 8 0 1 4  0.4122576283608657 0.21100094408758632 0.15985581237628532 0.15109713977054398 0.025483752883497694
meet_15.txt: 0 6 9 8 7  0.9813435780626827 0.01865642193731735 0.0 0.0 0.0
meet_16.txt: 6 0 9 8 7  0.9804800632650571 0.019519936734942924 0.0 0.0 0.0
meet_17.txt: 8 1 6 9 7  0.38028594262579124 0.2623293152693694 0.19168810366447142 0.08184494520358691 0.05507167885674022
meet_18.txt: 1 0 2 8 4  0.7294791051338172 0.0872484876663093 0.08229854158387999 0.058350080438759236 0.02257675104157571
meet_19.txt: 1 8 2 6 7  0.7787922555433548 0.0950272208181208 0.0696390514940936 0.04041695180327184 0.01612452034115902
meet_20.txt: 1 8 2 9 3  0.43719448756823864 0.31916493451420236 0.09079217531649343 0.056870314289189504 0.04789701759436806
meet_21.txt: 8 1 7 4 2  0.5523230469361124 0.21362168930945816 0.11568535574351282 0.07954115810628203 0.035739893809434264
meet_22.txt: 1 0 8 3 4  0.6459080885256607 0.12428805354841505 0.12273407618851544 0.060027445764342865 0.03484428393617067
meet_23.txt: 1 7 3 8 9  0.3085716136476717 0.3070225054407662 0.22860454653566578 0.0965018420733146 0.059299492302581816
meet_25.txt: 8 5 1 2 6  0.5455145151403136 0.12185591721421307 0.0933889658378733 0.06662359162459383 0.050639589342418884
meet_26.txt: 1 8 0 3 6  0.7148553674428565 0.2260789516687025 0.039039342850002254 0.015105076752700014 0.0036558693219250686
meet_27.txt: 1 8 9 0 3  0.4122562398497587 0.27352725110964293 0.1366236583793459 0.06864308210921387 0.060219875170474196
meet_28.txt: 7 8 9 6 1  0.37593196662015305 0.27345062968988976 0.19366559649476328 0.05112117441439142 0.03559865191869081
meet_29.txt: 1 8 4 3 5  0.2892521421936692 0.1816228477524156 0.16556971758253924 0.10581112636905543 0.0939609176342069
meet_30.txt: 0 1 5 3 8  0.45551983718577005 0.29039524092164704 0.11306419971313729 0.09162245192289771 0.02843399569606231
meet_31.txt: 0 1 8 3 4  0.43639137130997974 0.17438538691760194 0.1285287521614697 0.08691027878153193 0.05202305218343708
meet_32.txt: 3 4 6 0 9  0.49239673811241247 0.34351041931530685 0.07331772360501689 0.0473657265565387 0.04188003942088581
meet_33.txt: 8 1 6 7 4  0.40854220871515595 0.40362407946065654 0.07708395111737287 0.0519777357224192 0.04107773889864888
meet_34.txt: 1 8 4 6 0  0.5547007571203639 0.13328627079282787 0.1208874539974588 0.05814625555575777 0.05184423301027978
meet_35.txt: 1 8 6 7 0  0.532056958385079 0.2037576412962782 0.11147012429443108 0.07081597482409087 0.029585427613973342
meet_36.txt: 1 8 4 9 7  0.2628023563471307 0.25350058571236506 0.18881811032924367 0.09631994559348504 0.08424733106190145
meet_37.txt: 8 1 0 3 6  0.5801592460938514 0.3038488322195397 0.07060180949309698 0.0387308071642446 0.00339650387490999
meet_38.txt: 0 4 1 9 8  0.7971305934209233 0.13163354384786274 0.06958102974031546 0.001654832990898483 0.0
meet_39.txt: 0 1 9 4 2  0.6803470214756412 0.20585815759750672 0.05744363130603101 0.03863322518292724 0.01328716881766306
meet_40.txt: 1 8 0 7 4  0.4875921852920174 0.18994813662472904 0.1206286578459942 0.1127923518624193 0.04435099854778719
meet_41.txt: 1 7 8 3 6  0.3072326878826013 0.2743029047826406 0.1692798177283914 0.08628332152507266 0.05738532312044638
meet_42.txt: 7 1 0 2 3  0.36614086365066295 0.26667815651902743 0.2306970167699612 0.06806975622714488 0.03914687247813408
meet_43.txt: 7 6 1 0 9  0.8253422037299545 0.09823702791335755 0.06798456812588304 0.008436200230804877 0.0
meet_44.txt: 7 9 8 6 5  1.0 0.0 0.0 0.0 0.0
meet_45.txt: 3 4 8 1 5  0.3669676427795841 0.26288920265298965 0.227808225135905 0.06582669798133775 0.05449554982993233
meet_46.txt: 3 1 9 8 7  0.9974621392660319 0.0025378607339680646 0.0 0.0 0.0
meet_47.txt: 3 1 4 9 7  0.8644467194322889 0.06611595940473317 0.04039849647569988 0.01466427783210684 0.007846480569653428
meet_48.txt: 3 7 5 9 8  0.9777594455406992 0.018377769667597486 0.003862784791703382 0.0 0.0
meet_49.txt: 1 8 7 6 3  0.45226964567798805 0.38922285494633885 0.08119357964500266 0.0528784180715814 0.024435501659089035
meet_50.txt: 1 5 2 0 7  0.5046837295369356 0.23981347180869853 0.1196532505691821 0.0897349690883155 0.035584575239356896
meet_51.txt: 1 5 9 6 3  0.46970516639000137 0.39268190812900106 0.11049789278038416 0.015222268922462845 0.00977729582456798
meet_51b.txt: 1 9 7 3 8  0.37563040205247406 0.1618651166456325 0.13106640977696093 0.12176334120318949 0.11082563554944251
meet_52.txt: 1 7 9 8 2  0.4366514864862905 0.35187339758135006 0.09810482635446593 0.07220299455035879 0.019514042453506904
meet_53.txt: 1 6 0 9 8  0.9579401029124978 0.034973691824453076 0.00708620526304917 0.0 0.0
meet_54.txt: 1 9 6 7 8  0.4054495239649337 0.3778638206992433 0.15171148766432435 0.05159807996951027 0.013377087701988427
meet_55.txt: 9 1 8 6 7  0.46493317915738686 0.29591456962516194 0.09552385129768981 0.04661559602918161 0.037811079839379744
meet_56.txt: 1 8 7 9 5  0.41442648731054604 0.40353789753750113 0.0897532053449814 0.08530978477858454 0.006972625028387007
meet_57.txt: 1 9 2 3 8  0.8503836684444683 0.07119245048014898 0.04035610184619779 0.03806777922918488 0.0
meet_58.txt: 1 9 6 4 3  0.5605024695150163 0.38643091234864196 0.0413789866475771 0.010401729502361798 0.0012859019864028835
meet_59.txt: 9 1 7 5 3  0.3194473702495457 0.24218461722509466 0.22088419135386017 0.11635009838923858 0.0717630844599161
meet_60.txt: 8 1 0 6 9  0.450394260637056 0.42441861231760186 0.05380320445857112 0.02449940996507147 0.02334673043598208
meet_61.txt: 1 9 8 4 0  0.6218728423092201 0.18571542514052602 0.15086618618017433 0.024885811006752506 0.016659735363326992
meet_62.txt: 9 1 4 8 7  0.5073980389858644 0.27434175171400366 0.09746310915755353 0.07836841795546665 0.03458699823220544
meet_63.txt: 7 9 1 2 0  0.5056110461845319 0.28901241112375736 0.14354376003654012 0.040144412924418976 0.011802080672079421
meet_64.txt: 9 8 1 4 5  0.3494373730529336 0.286580033264383 0.2534194114035443 0.03991451271634332 0.031135689539905004
meet_65.txt: 1 9 8 5 7  0.47732848911616343 0.3224126789384483 0.09832847963595341 0.04753966745911087 0.02119170775614898
meet_66.txt: 9 5 0 6 7  0.9679181757452254 0.009602031550635205 0.009333228648471215 0.008787154690688716 0.003952793818301535
meet_67.txt: 9 8 7 6 5  1.0 0.0 0.0 0.0 0.0
meet_68.txt: 1 9 8 3 4  0.5376672500871723 0.30531451290865963 0.11329848495979501 0.04089384955790261 0.0016431655145126534
meet_69.txt: 1 8 2 9 0  0.6488039857741145 0.13182309482637733 0.11574415893135374 0.06483499738156645 0.017410794992692907
meet_70.txt: 1 8 4 7 9  0.6441218699157282 0.1709499669731541 0.05168838032601997 0.04982682112553747 0.03761373226106459
meet_71.txt: 7 1 9 8 4  0.2653883736363596 0.21531850236551586 0.20779535934897633 0.19986446956611068 0.061841292928113224
meet_72.txt: 5 1 8 9 7  0.8423002842807149 0.06580229441186763 0.05181825984165047 0.04007916146576709 0.0
meet_73.txt: 1 4 8 5 9  0.40659278537775045 0.2849657395649794 0.10367020431627047 0.08426893205936976 0.059949546245102424
meet_74.txt: 9 1 5 7 6  0.577162859398548 0.1765507095907239 0.12279384775986706 0.07389030984450756 0.02034271380636731
meet_75.txt: 9 5 8 4 7  0.4593816064079838 0.21287512315779475 0.14457685374818607 0.059976582131708235 0.057179112508023815
meet_76.txt: 1 4 8 6 3  0.45914375368848637 0.2099579070059286 0.2039661110050274 0.03594924802236857 0.03043080199279328
meet_77.txt: 1 3 8 6 7  0.4614511044033125 0.22372397087112406 0.2084379541527111 0.06027927858724628 0.04176468338432478
meet_78.txt: 6 1 9 5 8  0.3267202781805442 0.29983028303519094 0.1746101389494038 0.07275105356909375 0.0581934449734928
meet_79.txt: 9 3 5 6 0  0.3678740548417643 0.30539753059811864 0.0729132830734844 0.05901303032031506 0.05780021343428464
meet_80.txt: 1 8 3 7 6  0.7060982756371479 0.1483104567459753 0.046845274311025864 0.04537015569611677 0.02118518100556236
meet_81.txt: 1 2 4 7 9  0.9034713379161745 0.04243682284289563 0.04068167497841698 0.013410164262512904 0.0
meet_82.txt: 1 9 7 3 5  0.665736681768956 0.13089402907451783 0.07242876093342684 0.06291595360477954 0.030784841711398073
meet_83.txt: 1 9 4 8 7  0.3263407256508038 0.23238550872714075 0.12144456414228468 0.11000992855648459 0.07157334706196132
meet_84.txt: 1 8 7 9 5  0.5433767466113866 0.32498586503767934 0.07590547900778144 0.03626677777600535 0.01878119603685271
meet_85.txt: 1 7 8 3 2  0.5757678578931023 0.14487361602895737 0.1168613725651061 0.1115806332260534 0.04619732271640654
meet_86.txt: 1 2 7 9 6  0.5552484442884792 0.16897513575467776 0.11910820006695344 0.06973949519835948 0.048812645462203
meet_87.txt: 7 1 9 8 3  0.2755932736035714 0.26468720141513213 0.19474811541281356 0.12264953074355296 0.08195087033002002
meet_88.txt: 1 8 3 9 7  0.2863042116807811 0.26027586140758857 0.19400845284985072 0.12529414591240567 0.06411076756484461
meet_89.txt: 1 8 3 6 7  0.5683429953501224 0.13758193588390477 0.12670589524496054 0.07373008990843122 0.070485920035751
meet_90.txt: 1 3 6 7 9  0.5486592488745542 0.1751274139864279 0.08070281629894843 0.07775559070961874 0.07698273249009019
meet_91.txt: 7 6 8 9 1  0.34074529346751997 0.22479508788798314 0.16330942163028792 0.08718695375259533 0.08590558743536522
meet_92.txt: 8 1 7 9 2  0.4587134214219877 0.36596448459003533 0.11235983472715914 0.04566384544966896 0.016347725669975947
meet_93.txt: 1 9 8 7 6  1.0 0.0 0.0 0.0 0.0
meet_94.txt: 1 9 6 4 8  0.8352616971418152 0.10144356533775892 0.05890935099059468 0.0043853865298311865 0.0
meet_95.txt: 9 1 7 5 4  0.6329724318069591 0.19369366400379368 0.13344352053544056 0.0259438922331306 0.009005284307873099
meet_96.txt: 6 1 3 4 9  0.7032641729767343 0.1914936406412222 0.08112286532670339 0.024119321055340252 0.0
meet_97.txt: 1 6 8 4 3  0.5723658738970301 0.2703575618860428 0.12066575134668268 0.02459225962810612 0.012018553242138238
meet_98.txt: 1 9 4 6 7  0.43637265407272335 0.35340174786934 0.08067069470052762 0.07411002516585001 0.04740382128350769
meet_99.txt: 9 7 1 8 2  0.2329324583284594 0.20121289022176866 0.17410161374971247 0.15299589491987675 0.11021548931628981
meet_112.txt: 8 7 1 5 0  0.7387507304406594 0.16500647454267087 0.056001140430629585 0.026153700126785247 0.014087954459254945
meet_113.txt: 2 8 3 0 1  0.6458138120458787 0.2341319531050086 0.08059201202643039 0.021056539557050568 0.018405683265631592
meet_114.txt: 2 4 9 7 0  0.9018970876341086 0.04251084106654621 0.031047880895445114 0.010511589154185914 0.009482228972461084
meet_115.txt: 2 8 4 6 5  0.6515022002597418 0.2191391452050744 0.040542989463151324 0.03301020324460553 0.028256410784371876
meet_116.txt: 8 4 1 2 0  0.7997990653004735 0.07873207296903618 0.06225378076355575 0.053625664983691326 0.0032446432481748697
meet_117.txt: 8 0 2 1 9  0.7116733570787872 0.1536285447684024 0.09400241894053188 0.04069567921227858 0.0
meet_118.txt: 8 2 4 3 0  0.7355201506350088 0.22134261034207708 0.04029605143428277 0.0019257913732883777 0.0009153962153430041
meet_119.txt: 8 2 6 7 4  0.8363520623908008 0.06022831256698411 0.03292219272826951 0.027545332004311952 0.02613351273164758
meet_120.txt: 8 1 5 7 0  0.8897322227372017 0.040522770529328664 0.02383487165072609 0.022599545861320746 0.012012344845136151
meet_121.txt: 8 3 2 0 1  0.7995073191380264 0.07601308543683857 0.0635191171336838 0.05412405556514555 0.006836422726305593
meet_122.txt: 8 9 2 7 6  0.4704989263024883 0.31588973088113337 0.2136113428163784 0.0 0.0
meet_123.txt: 8 5 6 9 7  0.9105608089323177 0.07988650617847899 0.009552684889203189 0.0 0.0
meet_124.txt: 8 7 1 5 6  0.7783189653042144 0.1008119322614279 0.049131265811015984 0.033700006052289774 0.030977676101314418
meet_125.txt: 8 1 3 7 4  0.6691258163823722 0.19230520437336043 0.09804974847521074 0.024352010388677223 0.016167220380379425
meet_126.txt: 8 7 9 4 6  0.8798287254557157 0.0735647194349337 0.024570744941857174 0.022035810167493453 0.0
meet_127.txt: 8 3 6 5 7  0.6500132449027094 0.2778673728256085 0.043731954706823284 0.023971166689411297 0.004312133323879912
meet_128.txt: 8 4 7 1 9  0.6816852231672079 0.2032461063042964 0.06810155344447569 0.04696711708401997 0.0
meet_129.txt: 4 1 8 0 2  0.6693866243519577 0.12166150674656864 0.0690977265756807 0.05996820223983187 0.04407422869765528
meet_130.txt: 4 9 8 7 6  1.0 0.0 0.0 0.0 0.0
meet_131.txt: 4 8 9 2 6  0.4590069749425335 0.4385215175084671 0.06456718343191366 0.018215284669783727 0.017590149013548734
meet_132.txt: 8 9 2 7 1  0.6579311523967639 0.12330263523086765 0.10074719549735399 0.0903172476879562 0.02514291624484347
meet_133.txt: 8 3 2 1 9  0.5579321101620026 0.19998409573685338 0.13106996672879934 0.09078935423514385 0.017900309542468525
meet_134.txt: 2 9 8 3 5  0.5099303622788349 0.22512834912713076 0.1937035566522879 0.04586093096166937 0.025376800980077097
meet_135.txt: 2 9 8 7 6  1.0 0.0 0.0 0.0 0.0
meet_136.txt: 8 6 7 5 0  0.9173301964715939 0.03936597143316391 0.02807043762919479 0.014355195801261246 0.0008781986647862011
meet_137.txt: 8 1 5 9 7  0.8299646001428616 0.14493362475280225 0.025101775104336203 0.0 0.0
meet_138.txt: 8 9 2 4 7  0.8917573058342573 0.07914398602809457 0.02281576696149971 0.0062829411761484225 0.0
meet_139.txt: 8 9 3 5 7  0.9289988003201339 0.03763370272902884 0.02680535799002632 0.006562138960810952 0.0
meet_140.txt: 8 3 2 5 1  0.8119598648919975 0.09457397562346205 0.042115116295242054 0.019235567780175548 0.01874785417177589
meet_141.txt: 8 1 3 4 0  0.5586290145098124 0.20737166977482202 0.11551800586862725 0.08115087147909292 0.034263210295177975
meet_142.txt: 3 8 0 9 7  0.6823123955234534 0.26646458642716764 0.051223018049379 0.0 0.0
meet_143.txt: 3 9 8 7 6  0.9901303107988552 0.009869689201144864 0.0 0.0 0.0
meet_144.txt: 8 7 1 9 6  0.927180369439245 0.0485376374982103 0.024281993062544662 0.0 0.0
meet_145.txt: 8 1 9 7 6  0.894808668760516 0.10519133123948406 0.0 0.0 0.0
meet_146.txt: 8 9 1 0 3  0.9258159423975022 0.04477477648644766 0.0185314446583904 0.007488935791904267 0.003388900665755504
meet_147.txt: 8 6 7 5 3  0.879660375466403 0.03288495145601009 0.02938119242110923 0.023626442322784543 0.021343695128626564
meet_148.txt: 8 1 9 3 5  0.5242015883349439 0.11265558884266003 0.09690351843223423 0.09501432460739588 0.07123796171854302
meet_149.txt: 8 1 2 5 3  0.3924362266168498 0.24503146141254958 0.20420418853669092 0.10745363876060861 0.050656544929627796
meet_150.txt: 8 1 5 3 4  0.45158220778565233 0.20431382299408846 0.17857201841016787 0.06805069532318749 0.051729081958990425
meet_151.txt: 5 9 8 7 6  1.0 0.0 0.0 0.0 0.0

Topic 0: controller gesture google clock wooden participant child family intelligent commands
Topic 1: glow cradle command lighting shell noise repetitive relevance targeting consumers
Topic 2: docking cents elderly dash impossible fronts seconds score apply subtitles
Topic 3: joystick veg transmitter articulation charger l_c_ inspired keypad likely wee
Topic 4: parental games figured master structure parents log versus class clock
Topic 5: triple c_ r_c_ dash scrap communication catchy finances reactor sells
Topic 6: mushroom pineapple ball lemon coarse vocal controller array previously powerful
Topic 7: doh jog dial panel homer opposed lemon centimetres reckon ninja
Topic 8: fronts elderly fruity erase ruud smartboard flashy roo sebastian leds
Topic 9: latex potato fruity r_r_ mango awesome pushbuttons rhombus simplicity address
